1,12501,12471,12462,12480,12493,,
2,12501,12471,12462,12477,12454,,
3,12501,12471,12462,12496,12490,,
4,12498,12488,12459,12466,,,
5,12522,12470,12540,12489,,,
6,12522,12470,12540,12489,12531,,
7,12476,12491,12460,12513,,,
8,12459,12513,12540,12523,,,
9,12459,12513,12483,12463,12473,,
10,12461,12515,12479,12500,12540,,
11,12488,12521,12531,12475,12523,,
12,12496,12479,12501,12522,12540,,
13,12499,12540,12489,12523,,,
14,12467,12463,12540,12531,,,
15,12473,12500,12450,12540,,,
16,12509,12483,12509,,,,
17,12500,12472,12519,12531,,,
18,12500,12472,12519,12483,12488,,
19,12467,12521,12483,12479,,,
20,12521,12483,12479,,,,
21,12458,12491,12473,12474,12513,,
22,12458,12491,12489,12522,12523,,
23,12450,12540,12508,,,,
24,12450,12540,12508,12483,12463,,
25,12500,12459,12481,12517,12454,,
26,12521,12452,12481,12517,12454,,
27,12469,12531,12489,,,,
28,12469,12531,12489,12497,12531,,
29,12491,12489,12521,12531,9792,,
30,12491,12489,12522,12540,12490,,
31,12491,12489,12463,12452,12531,,
32,12491,12489,12521,12531,,,
33,12491,12489,12522,12540,12494,,
34,12491,12489,12461,12531,12464,,
35,12500,12483,12500,,,,
36,12500,12463,12471,12540,,,
37,12525,12467,12531,,,,
38,12461,12517,12454,12467,12531,,
39,12503,12522,12531,,,,
40,12503,12463,12522,12531,,,
41,12474,12496,12483,12488,,,
42,12468,12523,12496,12483,12488,,
43,12490,12478,12494,12463,12469,,
44,12463,12469,12452,12495,12490,,
45,12521,12501,12524,12471,12450,,
46,12497,12521,12473,,,,
47,12497,12521,12475,12463,12488,,
48,12467,12531,12497,12531,,,
49,12514,12523,12501,12457,12531,,
50,12487,12451,12464,12480,,,
51,12480,12464,12488,12522,12458,,
52,12491,12515,12540,12473,,,
53,12506,12523,12471,12450,12531,,
54,12467,12480,12483,12463,,,
55,12468,12523,12480,12483,12463,,
56,12510,12531,12461,12540,,,
57,12458,12467,12522,12470,12523,,
58,12460,12540,12487,12451,,,
59,12454,12452,12531,12487,12451,,
60,12491,12519,12525,12514,,,
61,12491,12519,12525,12478,,,
62,12491,12519,12525,12508,12531,,
63,12465,12540,12471,12451,,,
64,12518,12531,12466,12521,12540,,
65,12501,12540,12487,12451,12531,,
66,12527,12531,12522,12461,12540,,
67,12468,12540,12522,12461,12540,,
68,12459,12452,12522,12461,12540,,
69,12510,12480,12484,12508,12511,,
70,12454,12484,12489,12531,,,
71,12454,12484,12508,12483,12488,,
72,12513,12494,12463,12521,12466,,
73,12489,12463,12463,12521,12466,,
74,12452,12471,12484,12502,12486,,
75,12468,12525,12540,12531,,,
76,12468,12525,12540,12491,12515,,
77,12509,12491,12540,12479,,,
78,12462,12515,12525,12483,12503,,
79,12516,12489,12531,,,,
80,12516,12489,12521,12531,,,
81,12467,12452,12523,,,,
82,12524,12450,12467,12452,12523,,
83,12459,12514,12493,12462,,,
84,12489,12540,12489,12540,,,
85,12489,12540,12489,12522,12458,,
86,12497,12454,12527,12454,,,
87,12472,12517,12468,12531,,,
88,12505,12488,12505,12479,12540,,
89,12505,12488,12505,12488,12531,,
90,12471,12455,12523,12480,12540,,
91,12497,12523,12471,12455,12531,,
92,12468,12540,12473,,,,
93,12468,12540,12473,12488,,,
94,12466,12531,12460,12540,,,
95,12452,12527,12540,12463,,,
96,12473,12522,12540,12503,,,
97,12473,12522,12540,12497,12540,,
98,12463,12521,12502,,,,
99,12461,12531,12464,12521,12540,,
100,12499,12522,12522,12480,12510,,
101,12510,12523,12510,12452,12531,,
102,12479,12510,12479,12510,,,
103,12490,12483,12471,12540,,,
104,12459,12521,12459,12521,,,
105,12460,12521,12460,12521,,,
106,12469,12527,12512,12521,12540,,
107,12456,12499,12527,12521,12540,,
108,12505,12525,12522,12531,12460,,
109,12489,12460,12540,12473,,,
110,12510,12479,12489,12460,12473,,
111,12469,12452,12507,12540,12531,,
112,12469,12452,12489,12531,,,
113,12521,12483,12461,12540,,,
114,12514,12531,12472,12515,12521,,
115,12460,12523,12540,12521,,,
116,12479,12483,12484,12540,,,
117,12471,12540,12489,12521,,,
118,12488,12469,12461,12531,12488,,
119,12450,12474,12510,12458,12454,,
120,12498,12488,12487,12510,12531,,
121,12473,12479,12540,12511,12540,,
122,12496,12522,12516,12540,12489,,
123,12473,12488,12521,12452,12463,,
124,12523,12540,12472,12517,12521,,
125,12456,12524,12502,12540,,,
126,12502,12540,12496,12540,,,
127,12459,12452,12525,12473,,,
128,12465,12531,12479,12525,12473,,
129,12467,12452,12461,12531,12464,,
130,12462,12515,12521,12489,12473,,
131,12521,12503,12521,12473,,,
132,12513,12479,12514,12531,,,
133,12452,12540,12502,12452,,,
134,12471,12515,12527,12540,12474,,
135,12469,12531,12480,12540,12473,,
136,12502,12540,12473,12479,12540,,
137,12509,12522,12468,12531,,,
138,12458,12512,12490,12452,12488,,
139,12458,12512,12473,12479,12540,,
140,12459,12502,12488,,,,
141,12459,12502,12488,12503,12473,,
142,12503,12486,12521,,,,
143,12459,12499,12468,12531,,,
144,12501,12522,12540,12470,12540,,
145,12469,12531,12480,12540,,,
146,12501,12449,12452,12516,12540,,
147,12511,12491,12522,12517,12454,,
148,12495,12463,12522,12517,12540,,
149,12459,12452,12522,12517,12540,,
150,12511,12517,12454,12484,12540,,
151,12511,12517,12454,,,,
152,12481,12467,12522,12540,12479,,
153,12505,12452,12522,12540,12501,,
154,12513,12460,12491,12454,12512,,
155,12498,12494,12450,12521,12471,,
156,12510,12464,12510,12521,12471,,
157,12496,12463,12501,12540,12531,,
158,12527,12491,12494,12467,,,
159,12450,12522,12466,12452,12484,,
160,12458,12540,12480,12452,12523,,
161,12458,12479,12481,,,,
162,12458,12458,12479,12481,,,
163,12507,12540,12507,12540,,,
164,12520,12523,12494,12474,12463,,
165,12524,12487,12451,12496,,,
166,12524,12487,12451,12450,12531,,
167,12452,12488,12510,12523,,,
168,12450,12522,12450,12489,12473,,
169,12463,12525,12496,12483,12488,,
170,12481,12519,12531,12481,12540,,
171,12521,12531,12479,12540,12531,,
172,12500,12481,12517,12540,,,
173,12500,12451,,,,,
174,12503,12503,12522,12531,,,
175,12488,12466,12500,12540,,,
176,12488,12466,12481,12483,12463,,
177,12493,12452,12486,12451,,,
178,12493,12452,12486,12451,12458,,
179,12513,12522,12540,12503,,,
180,12514,12467,12467,,,,
181,12487,12531,12522,12517,12454,,
182,12461,12524,12452,12495,12490,,
183,12510,12522,12523,,,,
184,12510,12522,12523,12522,,,
185,12454,12477,12483,12461,12540,,
186,12491,12519,12525,12488,12494,,
187,12495,12493,12483,12467,,,
188,12509,12509,12483,12467,,,
189,12527,12479,12483,12467,,,
190,12456,12452,12497,12512,,,
191,12498,12510,12490,12483,12484,,
192,12461,12510,12527,12522,,,
193,12516,12531,12516,12531,12510,,
194,12454,12497,12540,,,,
195,12492,12458,12540,,,,
196,12456,12540,12501,12451,,,
197,12502,12521,12483,12461,12540,,
198,12516,12511,12459,12521,12473,,
199,12516,12489,12461,12531,12464,,
200,12512,12454,12510,,,,
201,12450,12531,12494,12540,12531,,
202,12477,12540,12490,12531,12473,,
203,12461,12522,12531,12522,12461,,
204,12463,12492,12462,12480,12510,,
205,12501,12457,12524,12488,12473,,
206,12494,12467,12483,12481,,,
207,12464,12521,12452,12460,12540,,
208,12495,12460,12493,12540,12523,,
209,12502,12523,12540,,,,
210,12464,12521,12531,12502,12523,,
211,12495,12522,12540,12475,12531,,
212,12495,12483,12469,12512,,,
213,12484,12508,12484,12508,,,
214,12504,12521,12463,12525,12473,,
215,12491,12517,12540,12521,,,
216,12498,12513,12464,12510,,,
217,12522,12531,12464,12510,,,
218,12510,12464,12510,12483,12464,,
219,12510,12464,12459,12523,12468,,
220,12454,12522,12512,12540,,,
221,12452,12494,12512,12540,,,
222,12469,12491,12540,12468,,,
223,12486,12483,12509,12454,12458,,
224,12458,12463,12479,12531,,,
225,12487,12522,12496,12540,12489,,
226,12510,12531,12479,12452,12531,,
227,12456,12450,12540,12512,12489,,
228,12487,12523,12499,12523,,,
229,12504,12523,12460,12540,,,
230,12461,12531,12464,12489,12521,,
231,12468,12510,12478,12454,,,
232,12489,12531,12501,12449,12531,,
233,12509,12522,12468,12531,65298,,
234,12458,12489,12471,12471,,,
235,12489,12540,12502,12523,,,
236,12496,12523,12461,12540,,,
237,12459,12509,12456,12521,12540,,
238,12512,12481,12517,12540,12523,,
239,12456,12524,12461,12483,12489,,
240,12502,12499,12451,,,,
241,12511,12523,12479,12531,12463,,
242,12495,12500,12490,12473,,,
243,12521,12452,12467,12454,,,
244,12456,12531,12486,12452,,,
245,12473,12452,12463,12531,,,
246,12520,12540,12462,12521,12473,,
247,12469,12490,12462,12521,12473,,
248,12496,12531,12462,12521,12473,,
249,12523,12462,12450,,,,
250,12507,12454,12458,12454,,,
251,12475,12524,12499,12451,,,
252,12461,12514,12522,,,,
253,12472,12517,12503,12488,12523,,
254,12472,12517,12459,12452,12531,,
255,12450,12481,12515,12514,,,
256,12527,12459,12471,12515,12514,,
257,12496,12471,12515,12540,12514,,
258,12511,12474,12468,12525,12454,,
259,12492,12510,12463,12525,12540,,
260,12521,12464,12521,12540,12472,,
261,12509,12481,12456,12490,,,
262,12464,12521,12456,12490,,,
263,12472,12464,12470,12464,12510,,
264,12510,12483,12473,12464,12510,,
265,12465,12512,12483,12477,,,
266,12459,12521,12469,12522,12473,,
267,12450,12466,12495,12531,12488,,
268,12510,12518,12523,12489,,,
269,12489,12463,12465,12452,12523,,
270,12495,12473,12508,12540,,,
271,12495,12473,12502,12524,12525,,
272,12523,12531,12497,12483,12497,,
273,12479,12493,12508,12540,,,
274,12467,12494,12495,12490,,,
275,12480,12540,12486,12531,12464,,
276,12473,12496,12513,,,,
277,12458,12458,12473,12496,12513,,
278,12461,12515,12514,12513,,,
279,12506,12522,12483,12497,12540,,
280,12521,12523,12488,12473,,,
281,12461,12523,12522,12450,,,
282,12469,12540,12490,12452,12488,,
283,12450,12513,12479,12510,,,
284,12450,12513,12514,12540,12473,,
285,12461,12494,12467,12467,,,
286,12461,12494,12460,12483,12469,,
287,12490,12510,12465,12525,,,
288,12516,12523,12461,12514,12494,,
289,12465,12483,12461,12531,12464,,
290,12484,12481,12491,12531,,,
291,12486,12483,12459,12491,12531,,
292,12492,12465,12491,12531,,,
293,12468,12491,12519,12491,12519,,
294,12489,12468,12540,12512,,,
295,12496,12463,12458,12531,12464,,
296,12510,12463,12494,12471,12479,,
297,12495,12522,12486,12516,12510,,
298,12523,12522,12522,,,,
299,12494,12474,12497,12473,,,
300,12456,12493,12467,,,,
301,12456,12493,12467,12525,12525,,
302,12516,12511,12521,12511,,,
303,12463,12481,12540,12488,,,
304,12467,12467,12489,12521,,,
305,12467,12489,12521,,,,
306,12508,12473,12468,12489,12521,,
307,12450,12469,12490,12531,,,
308,12481,12515,12540,12524,12512,,
309,12521,12463,12521,12452,,,
310,12521,12452,12508,12523,12488,,
311,12503,12521,12473,12523,,,
312,12510,12452,12490,12531,,,
313,12496,12523,12499,12540,12488,,
314,12452,12523,12511,12540,12476,,
315,12525,12476,12522,12450,,,
316,12468,12463,12522,12531,,,
317,12510,12523,12494,12540,12512,,
318,12461,12496,12491,12450,,,
319,12469,12513,12495,12480,12540,,
320,12507,12456,12523,12467,,,
321,12507,12456,12523,12458,12540,,
322,12489,12531,12513,12523,,,
323,12496,12463,12540,12480,,,
324,12467,12540,12479,12473,,,
325,12496,12493,12502,12540,,,
326,12502,12540,12500,12483,12464,,
327,12497,12483,12481,12540,12523,,
328,12490,12483,12463,12521,12540,,
329,12499,12502,12521,12540,12496,,
330,12501,12521,12452,12468,12531,,
331,12469,12508,12493,12450,,,
332,12494,12463,12479,12473,,,
333,12481,12523,12483,12488,,,
334,12481,12523,12479,12522,12473,,
335,12470,12531,12464,12540,12473,,
336,12495,12502,12493,12540,12463,,
337,12523,12490,12488,12540,12531,,
338,12477,12523,12525,12483,12463,,
339,12489,12472,12519,12483,12481,,
340,12490,12510,12474,12531,,,
341,12504,12452,12460,12491,,,
342,12471,12470,12522,12460,12540,,
343,12516,12472,12525,12531,,,
344,12493,12531,12489,12540,12523,,
345,12522,12522,12540,12521,,,
346,12518,12524,12452,12489,12523,,
347,12450,12494,12503,12473,,,
348,12450,12540,12510,12523,12489,,
349,12498,12531,12496,12473,,,
350,12511,12525,12459,12525,12473,,
351,12509,12527,12523,12531,,,
352,12459,12463,12524,12458,12531,,
353,12459,12466,12508,12454,12474,,
354,12472,12517,12506,12483,12479,,
355,12520,12510,12527,12523,,,
356,12469,12510,12520,12540,12523,,
357,12488,12525,12500,12454,12473,,
358,12481,12522,12540,12531,,,
359,12450,12502,12477,12523,,,
360,12477,12540,12490,12494,,,
361,12518,12461,12527,12521,12471,,
362,12458,12491,12468,12540,12522,,
363,12479,12510,12470,12521,12471,,
364,12488,12489,12464,12521,12540,,
365,12488,12489,12476,12523,12460,,
366,12497,12540,12523,12523,,,
367,12495,12531,12486,12540,12523,,
368,12469,12463,12521,12499,12473,,
369,12472,12540,12521,12531,12473,,
370,12521,12502,12459,12473,,,
371,12479,12484,12505,12452,,,
372,12467,12514,12523,12540,,,
373,12508,12540,12510,12531,12480,,
374,12480,12531,12496,12523,,,
375,12513,12479,12531,12464,,,
376,12513,12479,12464,12525,12473,,
377,12524,12472,12525,12483,12463,,
378,12524,12472,12450,12452,12473,,
379,12524,12472,12473,12481,12523,,
380,12521,12486,12451,12450,12473,,
381,12521,12486,12451,12458,12473,,
382,12459,12452,12458,12540,12460,,
383,12464,12521,12540,12489,12531,,
384,12524,12483,12463,12454,12470,,
385,12472,12521,12540,12481,,,
386,12487,12458,12461,12471,12473,,
387,12490,12456,12488,12523,,,
388,12495,12516,12471,12460,12513,,
389,12489,12480,12452,12488,12473,,
390,12498,12467,12470,12523,,,
391,12514,12454,12459,12470,12523,,
392,12468,12454,12459,12470,12523,,
393,12509,12483,12481,12515,12510,,
394,12509,12483,12479,12452,12471,,
395,12456,12531,12506,12523,12488,,
396,12512,12483,12463,12523,,,
397,12512,12463,12496,12540,12489,,
398,12512,12463,12507,12540,12463,,
399,12499,12483,12497,,,,
400,12499,12540,12480,12523,,,
401,12467,12525,12508,12540,12471,,
402,12467,12525,12488,12483,12463,,
403,12467,12522,12531,12463,,,
404,12523,12463,12471,12458,,,
405,12524,12531,12488,12521,12540,,
406,12473,12508,12511,12540,,,
407,12525,12474,12524,12452,12489,,
408,12474,12460,12452,12489,12473,,
409,12521,12512,12497,12523,12489,,
410,12479,12486,12488,12503,12473,,
411,12488,12522,12486,12503,12473,,
412,12511,12494,12512,12483,12481,,
413,12511,12494,12510,12480,12512,,
414,12460,12540,12513,12452,12523,,
415,12511,12484,12495,12491,12540,,
416,12499,12540,12463,12452,12531,,
417,12497,12481,12522,12473,,,
418,12502,12452,12476,12523,,,
419,12501,12525,12540,12476,12523,,
420,12481,12455,12522,12531,12508,,
421,12481,12455,12522,12512,,,
422,12459,12521,12490,12463,12471,,
423,12488,12522,12488,12489,12531,,
424,12456,12486,12508,12540,12473,,
425,12501,12527,12531,12486,,,
426,12501,12527,12521,12452,12489,,
427,12511,12511,12525,12523,,,
428,12511,12511,12525,12483,12503,,
429,12512,12454,12510,12540,12472,,
430,12489,12531,12459,12521,12473,,
431,12491,12515,12523,12510,12540,,
432,12502,12491,12515,12483,12488,,
433,12522,12540,12471,12515,12531,,
434,12473,12459,12531,12503,12540,,
435,12473,12459,12479,12531,12463,,
436,12489,12540,12511,12521,12540,,
437,12489,12540,12479,12463,12531,,
438,12454,12477,12495,12481,,,
439,12510,12493,12493,,,,
440,12500,12531,12503,12463,,,
441,12506,12521,12483,12503,,,
442,12511,12459,12523,12466,,,
443,12501,12459,12510,12523,,,
444,12460,12496,12452,12488,,,
445,12460,12502,12522,12450,12473,,
446,12468,12531,12505,,,,
447,12522,12458,12523,,,,
448,12523,12459,12522,12458,,,
449,12498,12509,12509,12479,12473,,
450,12459,12496,12523,12489,12531,,
451,12473,12467,12523,12500,,,
452,12489,12521,12500,12458,12531,,
453,12464,12524,12483,12464,12523,,
454,12489,12463,12525,12483,12464,,
455,12510,12473,12461,12483,12497,,
456,12465,12452,12467,12454,12458,,
457,12493,12458,12521,12531,12488,,
458,12479,12510,12531,12479,,,
459,12518,12461,12459,12502,12522,,
460,12518,12461,12494,12458,12540,,
461,12510,12491,12517,12540,12521,,
462,12472,12496,12467,12452,12523,,
463,12505,12525,12505,12523,12488,,
464,12489,12469,12452,12489,12531,,
465,12514,12472,12515,12531,12508,,
466,12456,12524,12461,12502,12523,,
467,12502,12540,12496,12540,12531,,
468,12488,12466,12461,12483,12473,,
469,12513,12460,12516,12531,12510,,
470,12522,12540,12501,12451,12450,,
471,12464,12524,12452,12471,12450,,
472,12464,12521,12452,12458,12531,,
473,12510,12531,12512,12540,,,
474,12509,12522,12468,12531,,,
475,12456,12523,12524,12452,12489,,
476,12480,12452,12494,12540,12474,,
477,12520,12494,12527,12540,12523,,
478,12518,12461,12513,12494,12467,,
479,12525,12488,12512,,,,
480,12518,12463,12471,12540,,,
481,12456,12512,12522,12483,12488,,
482,12450,12464,12494,12512,,,
483,12487,12451,12450,12523,12460,,
484,12497,12523,12461,12450,,,
485,12498,12540,12489,12521,12531,,
486,12524,12472,12462,12460,12473,,
487,12462,12521,12486,12451,12490,,
488,12463,12524,12475,12522,12450,,
489,12501,12451,12458,12493,,,
490,12510,12490,12501,12451,,,
491,12480,12540,12463,12521,12452,,
492,12471,12455,12452,12511,,,
493,12450,12523,12475,12454,12473,,
494,12499,12463,12486,12451,12491,,
495,12484,12479,12540,12472,12515,,
496,12472,12515,12494,12499,12540,,
497,12472,12515,12525,12540,12480,,
498,12509,12459,12502,,,,
499,12481,12515,12458,12502,12540,,
500,12456,12531,12502,12458,12540,,
501,12511,12472,12517,12510,12523,,
502,12501,12479,12481,12510,12523,,
503,12480,12452,12465,12531,12461,,
504,12511,12493,12474,12511,,,
505,12511,12523,12507,12483,12464,,
506,12520,12540,12486,12522,12540,,
507,12495,12540,12487,12522,12450,,
508,12512,12540,12521,12531,12489,,
509,12481,12519,12525,12493,12467,,
510,12524,12497,12523,12480,12473,,
511,12516,12490,12483,12503,,,
512,12516,12490,12483,12461,12540,,
513,12496,12458,12483,12503,,,
514,12496,12458,12483,12461,12540,,
515,12498,12516,12483,12503,,,
516,12498,12516,12483,12461,12540,,
517,12512,12531,12490,,,,
518,12512,12471,12515,12540,12490,,
519,12510,12513,12497,12488,,,
520,12495,12488,12540,12508,12540,,
521,12465,12531,12507,12525,12454,,
522,12471,12510,12510,,,,
523,12476,12502,12521,12452,12459,,
524,12480,12531,12468,12525,,,
525,12460,12531,12488,12523,,,
526,12462,12460,12452,12450,12473,,
527,12467,12525,12514,12522,,,
528,12467,12467,12525,12514,12522,,
529,12514,12464,12522,12517,12540,,
530,12489,12522,12517,12454,12474,,
531,12479,12502,12531,12493,,,
532,12489,12483,12467,12521,12540,,
533,12489,12486,12483,12467,12484,,
534,12525,12540,12502,12471,12531,,
535,12458,12479,12510,12525,,,
536,12460,12510,12460,12523,,,
537,12460,12510,12466,12525,12466,,
538,12490,12466,12461,,,,
539,12480,12466,12461,,,,
540,12463,12523,12511,12523,,,
541,12463,12523,12510,12518,,,
542,12495,12495,12467,12514,12522,,
543,12501,12471,12487,,,,
544,12507,12452,12540,12460,,,
545,12506,12531,12489,12521,12540,,
546,12514,12531,12513,12531,,,
547,12456,12523,12501,12540,12531,,
548,12481,12517,12522,12493,,,
549,12489,12524,12487,12451,12450,,
550,12496,12473,12521,12458,,,
551,12513,12464,12525,12467,,,
552,12527,12523,12499,12523,,,
553,12527,12523,12499,12450,12523,,
554,12480,12523,12510,12483,12459,,
555,12498,12498,12480,12523,12510,,
556,12510,12521,12459,12483,12481,,
557,12452,12471,12474,12510,12452,,
558,12452,12527,12497,12524,12473,,
559,12474,12523,12483,12464,,,
560,12474,12523,12474,12461,12531,,
561,12471,12531,12508,12521,12540,,
562,12487,12473,12510,12473,,,
563,12487,12473,12459,12540,12531,,
564,12503,12525,12488,12540,12460,,
565,12450,12496,12468,12540,12521,,
566,12450,12540,12465,12531,,,
567,12450,12540,12465,12458,12473,,
568,12516,12502,12463,12525,12531,,
569,12480,12473,12488,12480,12473,,
570,12478,12525,12450,,,,
571,12478,12525,12450,12540,12463,,
572,12481,12521,12540,12511,12451,,
573,12481,12521,12481,12540,12494,,
574,12468,12481,12512,,,,
575,12468,12481,12511,12523,,,
576,12468,12481,12523,12476,12523,,
577,12518,12491,12521,12531,,,
578,12480,12502,12521,12531,,,
579,12521,12531,12463,12523,12473,,
580,12467,12450,12523,12498,12540,,
581,12473,12527,12531,12490,,,
582,12496,12491,12503,12483,12481,,
583,12496,12491,12522,12483,12481,,
584,12496,12452,12496,12491,12521,,
585,12471,12461,12472,12459,,,
586,12513,12502,12461,12472,12459,,
587,12456,12514,12531,12460,,,
588,12459,12502,12523,12514,,,
589,12471,12517,12496,12523,12468,,
590,12479,12510,12466,12479,12465,,
591,12514,12525,12496,12524,12523,,
592,12503,12523,12522,12523,,,
593,12502,12523,12531,12466,12523,,
594,12510,12510,12531,12508,12454,,
595,12496,12481,12517,12523,,,
596,12487,12531,12481,12517,12521,,
597,12486,12483,12471,12540,12489,,
598,12490,12483,12488,12524,12452,,
599,12462,12450,12523,,,,
600,12462,12462,12450,12523,,,
601,12462,12462,12462,12450,12523,,
602,12471,12499,12471,12521,12473,,
603,12471,12499,12499,12540,12523,,
604,12471,12499,12523,12489,12531,,
605,12522,12464,12524,12540,,,
606,12458,12540,12505,12512,,,
607,12498,12488,12514,12471,,,
608,12521,12531,12503,12521,12540,,
609,12471,12515,12531,12487,12521,,
610,12461,12496,12468,,,,
611,12458,12494,12531,12489,,,
612,12458,12494,12494,12463,12473,,
613,12463,12510,12471,12517,12531,,
614,12484,12531,12505,12450,12540,,
615,12501,12522,12540,12472,12458,,
616,12481,12519,12508,12510,12461,,
617,12450,12462,12523,12480,12540,,
618,12510,12483,12462,12519,,,
619,12467,12472,12519,12501,12540,,
620,12467,12472,12519,12531,12489,,
621,12463,12522,12512,12460,12531,,
622,12468,12499,12483,12488,,,
623,12468,12523,12540,12464,,,
624,12467,12510,12479,12490,,,
625,12461,12522,12461,12470,12531,,
626,12496,12483,12501,12525,12531,,
627,12527,12471,12508,12531,,,
628,12454,12457,12540,12464,12523,,
629,12496,12523,12481,12515,12452,,
630,12496,12523,12472,12540,12490,,
631,12463,12452,12479,12521,12531,,
632,12450,12452,12450,12531,12488,,
633,12514,12494,12474,,,,
634,12472,12504,12483,12489,,,
635,12469,12470,12531,12489,12521,,
636,12513,12521,12523,12496,,,
637,12454,12523,12460,12514,12473,,
638,12467,12496,12523,12458,12531,,
639,12486,12521,12461,12458,12531,,
640,12499,12522,12472,12458,12531,,
641,12488,12523,12493,12525,12473,,
642,12508,12523,12488,12525,12473,,
643,12524,12471,12521,12512,,,
644,12476,12463,12525,12512,,,
645,12521,12531,12489,12525,12473,,
646,12461,12517,12524,12512,,,
647,12465,12523,12487,12451,12458,,
648,12513,12525,12456,12483,12479,,
649,12466,12494,12475,12463,12488,,
650,12495,12522,12510,12525,12531,,
651,12495,12522,12508,12540,12464,,
652,12502,12522,12460,12525,12531,,
653,12501,12457,12483,12467,,,
654,12486,12540,12523,12490,12540,,
655,12510,12501,12457,12463,12471,12540,
656,12465,12525,12510,12484,,,
657,12466,12467,12460,12471,12521,,
658,12466,12483,12467,12454,12460,,
659,12507,12523,12499,12540,,,
660,12507,12523,12540,12489,,,
661,12516,12516,12467,12510,,,
662,12498,12494,12516,12467,12510,,
663,12501,12449,12452,12450,12525,12540,
664,12467,12501,12461,12512,12471,,
665,12467,12501,12540,12521,12452,,
666,12499,12499,12520,12531,,,
667,12471,12471,12467,,,,
668,12459,12456,12531,12472,12471,,
669,12501,12521,12409,12409,,,
670,12501,12521,12456,12483,12486,,
671,12501,12521,12540,12472,12455,12473,
672,12513,12455,12540,12463,12523,,
673,12468,12540,12468,12540,12488,,
674,12516,12531,12481,12515,12512,,
675,12468,12525,12531,12480,,,
676,12488,12522,12511,12450,12531,,
677,12491,12515,12473,12497,12540,,
678,12491,12515,12458,12491,12463,12473,
679,12498,12488,12484,12461,,,
680,12491,12480,12531,12462,12523,,
681,12462,12523,12460,12523,12489,,
682,12471,12517,12471,12517,12503,,
683,12501,12524,12501,12527,12531,,
684,12506,12525,12483,12497,12501,,
685,12506,12525,12522,12540,12512,,
686,12510,12540,12452,12540,12459,,
687,12459,12521,12510,12493,12525,,
688,12459,12513,12486,12486,,,
689,12460,12513,12494,12487,12473,,
690,12463,12474,12514,12540,,,
691,12489,12521,12511,12489,12525,,
692,12454,12487,12483,12509,12454,,
693,12502,12525,12473,12479,12540,,
694,12456,12522,12461,12486,12523,,
695,12456,12524,12470,12540,12489,,
696,12481,12468,12521,12473,,,
697,12460,12481,12468,12521,12473,,
698,12450,12510,12523,12473,,,
699,12450,12510,12523,12523,12460,,
700,12491,12531,12501,12451,12450,,
701,12523,12481,12515,12502,12523,,
702,12487,12487,12531,12493,,,
703,12513,12524,12471,12540,,,
704,12492,12513,12521,,,,
705,12492,12513,12452,12523,,,
706,12492,12513,12523,12468,12531,,
707,12463,12524,12483,12501,12451,,
708,12508,12463,12524,12540,,,
709,12458,12540,12525,12483,12488,,
710,12496,12465,12483,12481,12515,,
711,12497,12531,12503,12472,12531,,
712,12459,12481,12467,12540,12523,,
713,12463,12524,12505,12540,12473,,
714,12458,12531,12496,12483,12488,,
715,12458,12531,12496,12540,12531,,
716,12476,12523,12493,12450,12473,,
717,12452,12505,12523,12479,12523,,
718,12472,12460,12523,12487,,,
719,12487,12451,12450,12531,12471,12540,
720,12501,12540,12497,,,,
721,12508,12523,12465,12491,12458,12531,
